1747200586357 0.9418060183525085 0
1747200586483 0.9568561911582947 1
1747200586601 0.9571906328201294 2
1747200586718 0.9573578834533691 3
1747200586838 0.9593645334243774 4
1747200586955 0.9607023596763611 5
1747200587073 0.9612039923667908 6
1747200587189 0.9591973423957825 7
1747200587308 0.9603679180145264 8
1747200587456 0.9600334167480469 9
1747200587593 0.9591973423957825 10
1747200587727 0.9590300917625427 11
1747200587849 0.9590300917625427 12
1747200587995 0.958695650100708 13
1747200588114 0.9598662257194519 14
1747200588234 0.9602006673812866 15
1747200588352 0.9615384340286255 16
1747200588471 0.9590300917625427 17
1747200588589 0.9627090096473694 18
1747200588706 0.9622073769569397 19
1747200588826 0.9598662257194519 20
1747200588946 0.9633779525756836 21
1747200678828 0.9320160746574402 0
1747200679406 0.9382116794586182 1
1747200679992 0.9383791089057922 2
1747200680545 0.9402210116386414 3
1747200681091 0.9422304034233093 4
1747200681647 0.9455793499946594 5
1747200682221 0.9475887417793274 6
1747200682776 0.9482585191726685 7
1747200683330 0.9479236602783203 8
1747200683954 0.9485934376716614 9
1747200684571 0.9484260082244873 10
1747200685248 0.9514400362968445 11
1747200685816 0.9519423842430115 12
1747200686382 0.9509376883506775 13
1747200687006 0.9524447321891785 14
1747200687577 0.9527796506881714 15
1747200688157 0.9526121616363525 16
1747200688766 0.9504353404045105 17
1747200689332 0.9529470801353455 18
1747200689909 0.9549564719200134 19
1747200690457 0.9524447321891785 20
1747200691033 0.9526121616363525 21
1747200691585 0.9536168575286865 22
1747200692140 0.9541192054748535 23
