1747200586357 0.20245175063610077 0
1747200586483 0.12524528801441193 1
1747200586601 0.10779237002134323 2
1747200586719 0.10943631827831268 3
1747200586839 0.10629041492938995 4
1747200586956 0.10161078721284866 5
1747200587073 0.09936123341321945 6
1747200587190 0.10145099461078644 7
1747200587308 0.09700283408164978 8
1747200587456 0.09994421899318695 9
1747200587594 0.09761171042919159 10
1747200587728 0.09764879196882248 11
1747200587850 0.0985291376709938 12
1747200587995 0.0956466794013977 13
1747200588114 0.09548293799161911 14
1747200588234 0.09365193545818329 15
1747200588353 0.09486091136932373 16
1747200588472 0.09598252922296524 17
1747200588589 0.09382907301187515 18
1747200588707 0.09154694527387619 19
1747200588827 0.09198202192783356 20
1747200588946 0.09043174237012863 21
1747200678830 0.2573421597480774 0
1747200679406 0.21250471472740173 1
1747200679992 0.18578661978244781 2
1747200680545 0.1609562784433365 3
1747200681092 0.15782621502876282 4
1747200681647 0.14265091717243195 5
1747200682221 0.13826900720596313 6
1747200682777 0.13593322038650513 7
1747200683330 0.14028970897197723 8
1747200683955 0.13463996350765228 9
1747200684571 0.13140317797660828 10
1747200685249 0.12986977398395538 11
1747200685817 0.12671388685703278 12
1747200686383 0.1257944107055664 13
1747200687007 0.12387308478355408 14
1747200687578 0.12508301436901093 15
1747200688158 0.12255260348320007 16
1747200688767 0.12608516216278076 17
1747200689333 0.12091661244630814 18
1747200689909 0.12133899331092834 19
1747200690457 0.1226026862859726 20
1747200691034 0.11834117025136948 21
1747200691586 0.11725889891386032 22
1747200692140 0.11554282903671265 23
