1747199295477 0.004087410401552916 0
1747199295590 0.0029354728758335114 1
1747199295694 0.002716128947213292 2
1747199295793 0.00256359507329762 3
1747199295901 0.002573662670329213 4
1747199296026 0.002494830172508955 5
1747199296133 0.0024086886551231146 6
1747199296234 0.0023806148674339056 7
1747199296336 0.002413013717159629 8
1747199296442 0.002350344555452466 9
1747199297161 0.004578242544084787 0
1747199297312 0.002742847427725792 1
1747199297465 0.002666458487510681 2
1747199297617 0.0025898381136357784 3
1747199297814 0.0024796663783490658 4
1747199298002 0.0025311901699751616 5
1747199298155 0.002426992869004607 6
1747199298333 0.002382457023486495 7
1747199298485 0.0023538710083812475 8
1747199298622 0.0023403302766382694 9
1747199298772 0.0023080846294760704 10
1747199298917 0.0022930928971618414 11
1747199299070 0.0022771854419261217 12
1747199300339 0.00675855902954936 0
1747199300873 0.004042465705424547 1
1747199301410 0.0034612175077199936 2
1747199301936 0.003302118042483926 3
1747199302469 0.0032183078583329916 4
1747199303027 0.003057800466194749 5
1747199303571 0.0029150189366191626 6
1747199304130 0.002812799531966448 7
1747199304688 0.0028296385426074266 8
1747199305268 0.0027063230518251657 9
1747199305812 0.0026941222604364157 10
1747199306361 0.002648944966495037 11
1747199306893 0.0026846234686672688 12
1747199307445 0.0026505463756620884 13
1747199308037 0.002649780362844467 14
1747199308587 0.0026163258589804173 15
1747199310119 0.006587035022675991 0
1747199310725 0.0034440280869603157 1
1747199311370 0.0032217286061495543 2
1747199312024 0.003104967763647437 3
1747199312618 0.002976509742438793 4
1747199313204 0.0029849482234567404 5
1747199313830 0.0028103271033614874 6
1747199314448 0.0028087005484849215 7
1747199315087 0.0027101936284452677 8
1747199315690 0.002750744577497244 9
1747199316339 0.002712561748921871 10
1747199317128 0.004066479858011007 0
1747199317339 0.002797425491735339 1
1747199317575 0.0027250396087765694 2
1747199317939 0.0025632535107433796 3
1747199318252 0.002548391930758953 4
1747199318478 0.0024686523247510195 5
1747199318691 0.002415307331830263 6
1747199318915 0.0024219928309321404 7
1747199319169 0.0023591022472828627 8
1747199319399 0.0023002291563898325 9
1747199319809 0.005229749251157045 0
1747199319932 0.003492451272904873 1
1747199320028 0.0033212420530617237 2
1747199320127 0.003231023671105504 3
1747199320218 0.003219498787075281 4
1747199320308 0.0032947883009910583 5
1747199320400 0.003205440239980817 6
1747199320488 0.00338479271158576 7
1747199320579 0.0031369063071906567 8
1747199320686 0.0034142425283789635 9
1747199320778 0.003249881323426962 10
1747199320892 0.003110443241894245 11
1747199321361 0.005510217975825071 0
1747199321470 0.0030263245571404696 1
1747199321576 0.0029734158888459206 2
1747199321705 0.0028252515476197004 3
1747199321809 0.00286783161573112 4
1747199321909 0.0027483466546982527 5
1747199322016 0.002868971321731806 6
1747199322122 0.00264374865218997 7
1747199322504 0.008838926441967487 0
1747199322595 0.0037203505635261536 1
1747199322662 0.003261969657614827 2
1747199322728 0.003187742317095399 3
1747199322797 0.003052295884117484 4
1747199322863 0.0031255867797881365 5
1747199322928 0.003088240511715412 6
1747199322998 0.003143740352243185 7
1747199323070 0.0030862705316394567 8
1747199323140 0.003049028106033802 9
1747199323207 0.0030754967592656612 10
1747199323693 0.005810033064335585 0
1747199323866 0.003290531225502491 1
1747199324060 0.0031644580885767937 2
1747199324224 0.003163866000249982 3
1747199324381 0.003205172484740615 4
1747199324559 0.003227374516427517 5
1747199324712 0.0031882389448583126 6
1747199324868 0.0031394159886986017 7
1747199325017 0.0032280655577778816 8
1747199325179 0.0031166505068540573 9
1747199325327 0.0031506167724728584 10
1747199325474 0.0031289742328226566 11
1747199325634 0.0030926810577511787 12
1747199326416 0.004670820664614439 0
1747199326603 0.0031748826149851084 1
1747199326791 0.0029034793842583895 2
1747199326980 0.003015517955645919 3
1747199327171 0.002889706287533045 4
1747199327356 0.002765921875834465 5
1747199327542 0.0027511611115187407 6
1747199327737 0.0028197402134537697 7
1747199327956 0.002753037493675947 8
1747199328144 0.0027739573270082474 9
1747199328332 0.0026847179979085922 10
1747199328516 0.0025785728357732296 11
1747199328711 0.002557645784690976 12
1747199328896 0.0025206219870597124 13
1747199329086 0.002641318365931511 14
1747199329271 0.002590348944067955 15
1747199329461 0.0025523845106363297 16
1747199329647 0.002489947946742177 17
1747199329835 0.002538899425417185 18
1747199330310 0.005274639930576086 0
1747199330414 0.0031080066692084074 1
1747199330506 0.0028384767938405275 2
1747199330598 0.0027034631930291653 3
1747199330690 0.0027212167624384165 4
1747199330783 0.0026603760197758675 5
1747199330879 0.00263202004134655 6
1747199330972 0.0025462317280471325 7
1747199331064 0.002594531746581197 8
1747199331181 0.0025351769290864468 9
1747199331273 0.002500721253454685 10
1747199331759 0.005109261255711317 0
1747199331869 0.0027602599002420902 1
1747199331975 0.002572744619101286 2
1747199332083 0.0024934643879532814 3
1747199332194 0.0024994744453579187 4
1747199332305 0.0024294957984238863 5
1747199332414 0.0024534971453249454 6
1747199332524 0.0023484239354729652 7
1747199332634 0.002314677694812417 8
1747199332749 0.002279858337715268 9
1747199332864 0.0022495437879115343 10
1747199332979 0.002236710162833333 11
1747199333092 0.0022347676567733288 12
1747199333206 0.002193779218941927 13
1747199333318 0.0021755772177129984 14
1747199333779 0.004999635275453329 0
1747199333862 0.0029815409798175097 1
1747199333944 0.0027165859937667847 2
1747199334024 0.0026133947540074587 3
1747199334103 0.0025158061180263758 4
1747199334185 0.0024472603108733892 5
1747199334270 0.002441087970510125 6
1747199334351 0.002365360502153635 7
1747199334430 0.002363322302699089 8
1747199334511 0.0022941813804209232 9
1747199334594 0.0023482346441596746 10
1747199334676 0.00226966617628932 11
1747199334754 0.002199886366724968 12
1747199334838 0.00221219751983881 13
1747199335513 0.007025131490081549 0
1747199335723 0.0036312516313046217 1
1747199335923 0.003560879034921527 2
1747199336124 0.0035174463409930468 3
1747199336326 0.0034173699095845222 4
1747199336533 0.0033523445017635822 5
1747199336734 0.003257365897297859 6
1747199336935 0.0032432882580906153 7
1747199337133 0.003226915840059519 8
1747199337330 0.0031758942641317844 9
1747199337531 0.0031727179884910583 10
1747199338261 0.003497222438454628 0
1747199338519 0.0028055233415216208 1
1747199338773 0.0025964516680687666 2
1747199339029 0.002559202490374446 3
1747199339291 0.002522221300750971 4
1747199339572 0.002391526475548744 5
1747199339824 0.002400142839178443 6
1747199340066 0.0023311024997383356 7
1747199340321 0.002207839163020253 8
1747199340591 0.0022612393368035555 9
1747199340847 0.002192665357142687 10
1747199341100 0.0021538801956921816 11
1747199341351 0.0020522712729871273 12
1747199341604 0.0020136567763984203 13
1747199341863 0.0019899788312613964 14
1747199342332 0.013719272799789906 0
1747199342417 0.004099532496184111 1
1747199342501 0.003123785834759474 2
1747199342585 0.002872457494959235 3
1747199342664 0.00269398489035666 4
1747199342746 0.0026389050763100386 5
1747199342827 0.002578429179266095 6
1747199342911 0.0025272266939282417 7
1747199342989 0.0024946227204054594 8
1747199343067 0.0025455085560679436 9
1747199343147 0.002468097722157836 10
1747199343229 0.0024331300519406796 11
1747199343308 0.0023936026263982058 12
1747199343389 0.0023849194403737783 13
1747199343471 0.0023391766007989645 14
1747199343554 0.0023306836374104023 15
1747199343641 0.0023036992643028498 16
1747199344117 0.00762298796325922 0
1747199344209 0.0035367493983358145 1
1747199344300 0.0029809402767568827 2
1747199344390 0.0027461389545351267 3
1747199344478 0.002628835616633296 4
1747199344570 0.0025576469488441944 5
1747199344664 0.0025230608880519867 6
1747199344757 0.0024960411246865988 7
1747199344839 0.0024569109082221985 8
1747199344928 0.0024042376317083836 9
1747199345046 0.002372217830270529 10
1747199345130 0.002354072406888008 11
1747199345218 0.002337323734536767 12
1747199345302 0.00231348117813468 13
1747199345389 0.002305692993104458 14
1747199345483 0.002288208808749914 15
1747199345955 0.007086260709911585 0
1747199346044 0.003468707436695695 1
1747199346129 0.002928423462435603 2
1747199346216 0.0026980217080563307 3
1747199346309 0.002596193691715598 4
1747199346406 0.002540025394409895 5
1747199346488 0.002486138604581356 6
1747199346573 0.0024318054784089327 7
1747199346683 0.0024147762451320887 8
1747199346765 0.002383904531598091 9
1747199346850 0.0023833143059164286 10
1747199346948 0.0023586826864629984 11
1747199347030 0.00233193370513618 12
1747199347111 0.002300896914675832 13
1747199347200 0.0022901813499629498 14
1747199347301 0.00225616293027997 15
1747199347398 0.00225830078125 16
1747199347479 0.002259240485727787 17
1747199347563 0.0022378782741725445 18
1747199347646 0.002206566743552685 19
1747199347740 0.0021739329677075148 20
1747199348343 0.009338479489088058 0
1747199348430 0.0039014213252812624 1
1747199348512 0.003193865530192852 2
1747199348600 0.0028612646274268627 3
1747199348682 0.0026928428560495377 4
1747199348765 0.0025998461060225964 5
1747199348850 0.002565942471846938 6
1747199348938 0.0024893376976251602 7
1747199349025 0.0024599528405815363 8
1747199349104 0.00243604788556695 9
1747199349183 0.002406832529231906 10
1747199349273 0.0023701817262917757 11
1747199349398 0.0023788437247276306 12
1747199349499 0.00233179097995162 13
1747199349598 0.002305154222995043 14
1747199349689 0.002297826809808612 15
1747199349779 0.0023055735509842634 16
1747199349863 0.00229088868945837 17
1747199349944 0.002253253711387515 18
1747199350029 0.0022375578992068768 19
1747199350517 0.004138195887207985 0
1747199350697 0.002837089356034994 1
1747199350853 0.0027053402736783028 2
1747199351000 0.002650034846737981 3
1747199351158 0.002584617817774415 4
1747199351318 0.0026097625959664583 5
1747199351468 0.0026008340064436197 6
1747199351624 0.0025106214452534914 7
1747199351776 0.0024994835257530212 8
1747199351927 0.002462152624502778 9
1747199352085 0.0024479294661432505 10
1747199352240 0.0024183678906410933 11
1747199352403 0.002415191615000367 12
1747199352587 0.002415343187749386 13
1747199352746 0.0023555546067655087 14
1747199352898 0.002341404091566801 15
1747199353063 0.0023382948711514473 16
1747199353703 0.008522000163793564 0
1747199353781 0.003542098216712475 1
1747199353857 0.0030092094093561172 2
1747199353929 0.0027726797852665186 3
1747199354003 0.002680586650967598 4
1747199354077 0.002619693288579583 5
1747199354153 0.00257107918150723 6
1747199354226 0.0025299207773059607 7
1747199354301 0.0024831246118992567 8
1747199354377 0.0024585833307355642 9
1747199354476 0.002450448228046298 10
1747199354550 0.0024252962321043015 11
1747199354623 0.0023977591190487146 12
1747199355338 0.0035654117818921804 0
1747199355569 0.0028866808861494064 1
1747199355812 0.002671976573765278 2
1747199356078 0.00269333366304636 3
1747199356314 0.0024953854735940695 4
1747199356549 0.002516097854822874 5
1747199356787 0.0024521404411643744 6
1747199357011 0.002426491817459464 7
1747199357242 0.0023855092003941536 8
1747199357473 0.0023004598915576935 9
1747199357710 0.0023237443529069424 10
1747199358012 0.0022567135747522116 11
1747199358480 0.007637549191713333 0
1747199358558 0.0031842817552387714 1
1747199358632 0.0030632326379418373 2
1747199358709 0.0030468511395156384 3
1747199358784 0.0031165890395641327 4
1747199358854 0.00311054359190166 5
1747199358925 0.00312080979347229 6
1747199358995 0.0031236158683896065 7
1747199359068 0.0031379167921841145 8
1747199359139 0.0031840854790061712 9
1747199359589 0.006406830158084631 0
1747199359739 0.0031634436454623938 1
1747199359891 0.00282763852737844 2
1747199360040 0.002695042174309492 3
1747199360194 0.0026561443228274584 4
1747199360340 0.0025942286010831594 5
1747199360501 0.0025782028678804636 6
1747199360650 0.0025670789182186127 7
1747199360798 0.002549628494307399 8
1747199360951 0.0025356875266879797 9
1747199361101 0.0024999063462018967 10
1747199361255 0.0024780232924968004 11
1747199361403 0.002476541558280587 12
1747199361865 0.007736621890217066 0
1747199361929 0.00309342541731894 1
1747199361994 0.002771791536360979 2
1747199362058 0.002667446620762348 3
1747199362122 0.0025944565422832966 4
1747199362187 0.0025182529352605343 5
1747199362250 0.002475727815181017 6
1747199362315 0.0024101100862026215 7
1747199362379 0.002404938219115138 8
1747199362445 0.002367238514125347 9
1747199362508 0.0023663542233407497 10
1747199362571 0.002300533000379801 11
1747199362635 0.0022696126252412796 12
1747199362700 0.002265641465783119 13
1747199362764 0.0022205389104783535 14
1747199362831 0.0022018891759216785 15
1747199363286 0.0046013714745640755 0
1747199363434 0.0028645757120102644 1
1747199363586 0.002736023860052228 2
1747199363742 0.0026353327557444572 3
1747199363892 0.0026327718514949083 4
1747199364050 0.0026300190947949886 5
1747199364199 0.0025213761255145073 6
1747199364349 0.0025068684481084347 7
1747199364497 0.00246594101190567 8
1747199364644 0.0024819772224873304 9
1747199364794 0.002563163638114929 10
1747199364941 0.0024430693592876196 11
1747199365089 0.002439387608319521 12
1747199365242 0.002434290712699294 13
1747199365705 0.004512379877269268 0
1747199365869 0.003034640336409211 1
1747199366042 0.0027766728308051825 2
1747199366201 0.0026704883202910423 3
1747199366349 0.0026314188726246357 4
1747199366513 0.0025609538424760103 5
1747199366691 0.002546716248616576 6
1747199366837 0.0025058086030185223 7
1747199366995 0.0024935537949204445 8
1747199367143 0.002485645702108741 9
1747199367295 0.0024818649981170893 10
1747199367446 0.0024546354543417692 11
1747199367604 0.002443309873342514 12
1747199367769 0.002417617244645953 13
1747199367945 0.002402573125436902 14
1747199368094 0.0024031016509979963 15
1747199368544 0.004991582129150629 0
1747199368696 0.0029731120448559523 1
1747199368853 0.0027304021641612053 2
1747199369000 0.0026386845856904984 3
1747199369150 0.0026423269882798195 4
1747199369298 0.0025938968174159527 5
1747199369450 0.0025783421006053686 6
1747199369599 0.0025383487809449434 7
1747199369747 0.0025177544448524714 8
1747199369902 0.0024929335340857506 9
1747199370050 0.0025226189754903316 10
1747199370201 0.0024506805930286646 11
1747199370354 0.002449529943987727 12
1747199370814 0.005689666140824556 0
1747199370987 0.0033857631497085094 1
1747199371135 0.0029880350921303034 2
1747199371284 0.0028157115448266268 3
1747199371436 0.002735170302912593 4
1747199371587 0.0026659052819013596 5
1747199371744 0.002619462087750435 6
1747199371901 0.0025924870278686285 7
1747199372053 0.002560329157859087 8
1747199372204 0.002535460516810417 9
1747199372351 0.002532847924157977 10
1747199372503 0.0024948592763394117 11
1747199372651 0.002515791216865182 12
1747199372806 0.0024668958503752947 13
1747199372960 0.0024575144052505493 14
1747199373110 0.00245338655076921 15
1747199373261 0.002449584659188986 16
1747199373409 0.0024261886719614267 17
1747199373557 0.002416339935734868 18
1747199373709 0.002413524314761162 19
1747199373861 0.0023971032351255417 20
1747199374426 0.0038194216322153807 0
1747199374606 0.0027970410883426666 1
1747199374782 0.0026292037218809128 2
1747199374960 0.002569257514551282 3
1747199375135 0.0025329634081572294 4
1747199375329 0.002445054706186056 5
1747199375499 0.002379403682425618 6
1747199375675 0.002387008862569928 7
1747199375849 0.002384840277954936 8
1747199376029 0.00229312339797616 9
1747199376719 0.004541514907032251 0
1747199376952 0.003749642288312316 1
1747199377181 0.0035234547685831785 2
1747199377416 0.0033750981092453003 3
1747199377649 0.0033564006444066763 4
1747199378053 0.0034349155612289906 5
1747199378290 0.003409883240237832 6
1747199378523 0.003235525917261839 7
1747199378752 0.0032523556146770716 8
1747199378985 0.0032143963035196066 9
1747199379215 0.003252654802054167 10
1747199379448 0.0031785413157194853 11
1747199379687 0.003178076120093465 12
1747199380255 0.004744781646877527 0
1747199380436 0.0028255765791982412 1
1747199380624 0.0026654708199203014 2
1747199380913 0.0025484375655651093 3
1747199381091 0.0025113727897405624 4
1747199381292 0.00247910781763494 5
1747199381471 0.0024366797879338264 6
1747199381647 0.0023926522117108107 7
1747199381827 0.0023556866217404604 8
1747199382005 0.0023236307315528393 9
1747199382184 0.0023074806667864323 10
1747199382364 0.0022758382838219404 11
1747199382543 0.0022533955052495003 12
1747199382722 0.0022147661074995995 13
1747199383201 0.005319033283740282 0
1747199383303 0.0029762338381260633 1
1747199383409 0.0027373316697776318 2
1747199383515 0.0026063991244882345 3
1747199383619 0.0025548620615154505 4
1747199383723 0.002518282039090991 5
1747199383827 0.0025087196845561266 6
1747199383933 0.0024328508879989386 7
1747199384036 0.0023979253601282835 8
1747199384137 0.002392623806372285 9
1747199384591 0.010157125070691109 0
1747199384662 0.0035926303826272488 1
1747199384733 0.0032782144844532013 2
1747199384803 0.0031501557677984238 3
1747199384871 0.003084646537899971 4
1747199384937 0.0030664694495499134 5
1747199385007 0.0030985551420599222 6
1747199385076 0.0030283676460385323 7
1747199385146 0.003016704460605979 8
1747199385215 0.003006797516718507 9
1747199385282 0.0030461600981652737 10
1747199385349 0.0029750883113592863 11
1747199385418 0.0029971373733133078 12
1747199385487 0.0030128906946629286 13
1747199385554 0.003040825482457876 14
1747199385622 0.003040401265025139 15
1747199386359 0.010654411278665066 0
1747199386449 0.0037870199885219336 1
1747199386533 0.0030044899322092533 2
1747199386619 0.0027501839213073254 3
1747199386706 0.002631380455568433 4
1747199386792 0.0025694945361465216 5
1747199386876 0.0024937300477176905 6
1747199386959 0.002483976539224386 7
1747199387042 0.0024562098551541567 8
1747199387125 0.002434939844533801 9
1747199387208 0.002388527849689126 10
1747199387291 0.0023662117309868336 11
1747199387376 0.0023622200824320316 12
1747199387463 0.0023389963898807764 13
1747199387548 0.0023158062249422073 14
1747199387630 0.0022871263790875673 15
1747199387714 0.0022867436055094004 16
1747199387825 0.002265872899442911 17
1747199387945 0.002254514954984188 18
1747199388027 0.002232360653579235 19
1747199388107 0.0022177996579557657 20
