1747200992956 0.9553511738777161 0
1747200993090 0.9558528661727905 1
1747200993220 0.9578595161437988 2
1747200993370 0.9588629007339478 3
1747200993497 0.9580267667770386 4
1747200993628 0.9588629007339478 5
1747200993753 0.9602006673812866 6
1747200993923 0.9598662257194519 7
1747200994064 0.9605351090431213 8
1747200994200 0.9585283994674683 9
1747200994329 0.9615384340286255 10
1747200998781 0.9313462972640991 0
1747200999376 0.9385465383529663 1
1747200999976 0.9408908486366272 2
1747201000573 0.9452444911003113 3
1747201001133 0.9450770020484924 4
1747201001710 0.9494307041168213 5
1747201002277 0.9504353404045105 6
1747201002827 0.9482585191726685 7
1747201003408 0.9504353404045105 8
1747201003962 0.9519423842430115 9
1747201004541 0.9517749547958374 10
1747201005191 0.9507702589035034 11
1747201005778 0.9509376883506775 12
1747201006323 0.9514400362968445 13
1747201006882 0.9546215534210205 14
1747201007479 0.9522773027420044 15
1747201008109 0.9534494280815125 16
1747201111577 0.7096450328826904 0
1747201111716 0.7866711616516113 1
1747201111849 0.8196583986282349 2
1747201111981 0.8174815773963928 3
1747201112110 0.823007345199585 4
1747201112244 0.8208305239677429 5
1747201112377 0.8300402164459229 6
1747201112515 0.8337240219116211 7
1747201112660 0.8385800123214722 8
1747201145047 0.8173141479492188 0
1747201145179 0.8253516554832458 1
1747201145311 0.8295378684997559 2
1747201145449 0.8216677904129028 3
1747201145583 0.822504997253418 4
1747201145714 0.8374078869819641 5
1747201145868 0.833389163017273 6
1747201146002 0.835565984249115 7
1747201146130 0.8364031910896301 8
1747201146264 0.8300402164459229 9
1747201237104 0.7223710417747498 0
1747201237288 0.8029136061668396 1
1747201237479 0.834561288356781 2
1747201237689 0.8447756171226501 3
1747201237982 0.8523107767105103 4
1747201238236 0.8533154726028442 5
1747201238425 0.8487944006919861 6
1747201238603 0.8588412404060364 7
1747201238780 0.8598459362983704 8
1747201238966 0.8501339554786682 9
1747201239146 0.8668787479400635 10
1747201239326 0.8633623719215393 11
1747201239525 0.8641995787620544 12
1747201239718 0.8708975315093994 13
1747201239899 0.8744139075279236 14
1747201240095 0.8732417821884155 15
1747201240285 0.8740790486335754 16
1747201240468 0.8806095123291016 17
1747201247287 0.5884125828742981 0
1747201247883 0.7893503308296204 1
1747201248473 0.8317146897315979 2
1747201249075 0.8566644191741943 3
1747201249660 0.8568319082260132 4
1747201250239 0.8576691150665283 5
1747201250830 0.8608506321907043 6
1747201251399 0.8603482842445374 7
1747201251964 0.8636972308158875 8
1747201252535 0.8606832027435303 9
1747201374756 0.5200937986373901 0
1747201375184 0.6008037328720093 1
1747201375516 0.6522102952003479 2
1747201375856 0.7268921732902527 3
1747201376205 0.7769591212272644 4
1747201376530 0.7774614691734314 5
1747201376908 0.7895177602767944 6
1747201377231 0.7716007828712463 7
1747201377549 0.8024112582206726 8
1747201377907 0.8077695965766907 9
