1747200992957 0.16235609352588654 0
1747200993091 0.11550701409578323 1
1747200993221 0.10867315530776978 2
1747200993370 0.10824904590845108 3
1747200993498 0.10307532548904419 4
1747200993629 0.10535930842161179 5
1747200993754 0.09988462179899216 6
1747200993923 0.09675493091344833 7
1747200994065 0.09664922207593918 8
1747200994201 0.09629912674427032 9
1747200994329 0.09916757792234421 10
1747200998782 0.24871192872524261 0
1747200999377 0.1969715654850006 1
1747200999976 0.16923397779464722 2
1747201000574 0.154810830950737 3
1747201001134 0.14460477232933044 4
1747201001710 0.13977116346359253 5
1747201002278 0.13388213515281677 6
1747201002828 0.13784179091453552 7
1747201003409 0.13000255823135376 8
1747201003962 0.12681955099105835 9
1747201004541 0.12986385822296143 10
1747201005191 0.12786990404129028 11
1747201005779 0.1263914257287979 12
1747201006323 0.12760472297668457 13
1747201006882 0.12434390187263489 14
1747201007480 0.12329237163066864 15
1747201008110 0.12251682579517365 16
1747201111579 0.513872504234314 0
1747201111717 0.42498260736465454 1
1747201111850 0.37211745977401733 2
1747201111982 0.34006181359291077 3
1747201112111 0.3387594521045685 4
1747201112245 0.3304561972618103 5
1747201112378 0.3107764720916748 6
1747201112516 0.3100862503051758 7
1747201112661 0.3015226721763611 8
1747201145048 0.341268926858902 0
1747201145180 0.3227654695510864 1
1747201145312 0.3169831335544586 2
1747201145449 0.31660494208335876 3
1747201145584 0.3156346082687378 4
1747201145715 0.296385794878006 5
1747201145869 0.2975638508796692 6
1747201146002 0.30370232462882996 7
1747201146131 0.28212782740592957 8
1747201146265 0.2930612564086914 9
1747201237105 0.527594804763794 0
1747201237289 0.3992963135242462 1
1747201237480 0.33470985293388367 2
1747201237690 0.3091692328453064 3
1747201237983 0.29016435146331787 4
1747201238237 0.27778300642967224 5
1747201238426 0.28742003440856934 6
1747201238604 0.26385313272476196 7
1747201238781 0.26751023530960083 8
1747201238966 0.26193273067474365 9
1747201239147 0.24090297520160675 10
1747201239327 0.2460024356842041 11
1747201239525 0.24103738367557526 12
1747201239719 0.2348732352256775 13
1747201239900 0.23068834841251373 14
1747201240095 0.22323612868785858 15
1747201240285 0.22114157676696777 16
1747201240468 0.21986335515975952 17
1747201247287 0.6231119632720947 0
1747201247883 0.4827004075050354 1
1747201248474 0.3885653018951416 2
1747201249076 0.3492892384529114 3
1747201249660 0.3241349756717682 4
1747201250239 0.3095884919166565 5
1747201250830 0.28724491596221924 6
1747201251399 0.28146985173225403 7
1747201251965 0.2748371362686157 8
1747201252535 0.2713984549045563 9
1747201374759 0.6416731476783752 0
1747201375185 0.5934554934501648 1
1747201375516 0.5648661851882935 2
1747201375856 0.5028812885284424 3
1747201376205 0.46048712730407715 4
1747201376530 0.42485153675079346 5
1747201376908 0.4065803587436676 6
1747201377231 0.42341548204421997 7
1747201377550 0.3880156874656677 8
1747201377908 0.3784424662590027 9
