1747199318632 0.00785838719457388 0
1747199318774 0.005944444797933102 1
1747199318915 0.005440677050501108 2
1747199319078 0.005441624671220779 3
1747199319215 0.0052919271402060986 4
1747199319358 0.005332623142749071 5
1747199322566 0.0073829758912324905 0
1747199322729 0.005580405239015818 1
1747199322899 0.005455472506582737 2
1747199323102 0.00525632593780756 3
1747199323274 0.005193869583308697 4
1747199323438 0.005256297532469034 5
1747199323621 0.0051075126975774765 6
1747199323798 0.0050340979360044 7
1747199324007 0.0050642224960029125 8
1747199772688 0.009060220792889595 0
1747199772803 0.005535087548196316 1
1747199772932 0.005522081162780523 2
1747199773041 0.00542255537584424 3
1747199773147 0.005221643950790167 4
1747199773249 0.005252012517303228 5
1747199773356 0.00526746129617095 6
1747199773469 0.005131011363118887 7
1747199773581 0.005129748955368996 8
1747199773689 0.00511579355224967 9
1747199773814 0.005027917679399252 10
1747199773926 0.0050557148642838 11
1747199774045 0.00493963249027729 12
1747199774151 0.005060176365077496 13
1747199774255 0.0050361729227006435 14
1747199774360 0.004932855721563101 15
1747199774463 0.005024995654821396 16
1747199774610 0.004975300282239914 17
1747199774714 0.004883546847850084 18
1747199774818 0.004823204129934311 19
1747199774956 0.004887877963483334 20
1747199775065 0.00493287667632103 21
1747199903561 0.007230608724057674 0
1747199903722 0.005672653205692768 1
1747199903886 0.0054037426598370075 2
1747199904051 0.005453393794596195 3
1747199904215 0.005460629239678383 4
1747199904375 0.005271959118545055 5
1747199904573 0.005183301866054535 6
1747199917434 0.007228239439427853 0
1747199918249 0.005819731391966343 1
1747199918862 0.005480489227920771 2
1747199919455 0.005491882562637329 3
1747199920099 0.005390358157455921 4
1747199920752 0.00541028892621398 5
1747199921430 0.005345639772713184 6
1747199922054 0.005326361861079931 7
1747199922687 0.005348635837435722 8
1747199923282 0.005228220485150814 9
1747199924706 0.007530349772423506 0
1747199925085 0.005732637830078602 1
1747199925472 0.005660810973495245 2
1747199925844 0.00547019112855196 3
1747199926233 0.005423909518867731 4
1747199926599 0.005398486740887165 5
1747199927507 0.009855348616838455 0
1747199927619 0.006064485292881727 1
1747199927722 0.006088950205594301 2
1747199927828 0.005997666623443365 3
1747199927936 0.006050687748938799 4
1747199928034 0.006111514288932085 5
1747199928144 0.005809014663100243 6
1747199928244 0.0057709794491529465 7
1747199928354 0.0058440715074539185 8
1747199928493 0.00566034484654665 9
1747199928603 0.005579771939665079 10
1747199928719 0.005550627131015062 11
1747199928828 0.006037300452589989 12
1747199929495 0.0066969143226742744 0
1747199929741 0.0054704961366951466 1
1747199929989 0.005350887775421143 2
1747199930238 0.0050460114143788815 3
1747199930492 0.005124695599079132 4
1747199930729 0.004987745080143213 5
1747199930995 0.00503826467320323 6
1747199931229 0.004956544376909733 7
1747199931707 0.01692867837846279 0
1747199931792 0.006438991986215115 1
1747199931874 0.005715295672416687 2
1747199931954 0.005525615997612476 3
1747199932036 0.005621603224426508 4
1747199932118 0.005399621091783047 5
1747199932202 0.005273296497762203 6
1747199932747 0.019321663305163383 0
1747199932870 0.006062702741473913 1
1747199932995 0.005605223588645458 2
1747199933120 0.0055915978737175465 3
1747199933249 0.005539735313504934 4
1747199933375 0.00552033307030797 5
1747199933505 0.0054701874032616615 6
1747199933639 0.005514824762940407 7
1747199933795 0.005372677464038134 8
1747199933927 0.005397747736424208 9
1747199934058 0.005345542449504137 10
1747199934740 0.010290844365954399 0
1747199934978 0.006559034343808889 1
1747199935237 0.006349083036184311 2
1747199935480 0.006189208477735519 3
1747199935732 0.0059846495278179646 4
1747199935974 0.005831746384501457 5
1747199936215 0.005846335086971521 6
1747199936452 0.005744223948568106 7
1747199936698 0.005767069756984711 8
1747199936966 0.005660234950482845 9
1747199937462 0.011074520647525787 0
1747199937540 0.005908972583711147 1
1747199937616 0.0060689933598041534 2
1747199937692 0.005821945145726204 3
1747199937768 0.005837123375386 4
1747199937842 0.005888121668249369 5
1747199937918 0.005701672285795212 6
1747199937994 0.005780033767223358 7
1747199938074 0.005586917046457529 8
1747199938621 0.007406474556773901 0
1747199938768 0.00556747242808342 1
1747199938915 0.005584860220551491 2
1747199939064 0.0053463345393538475 3
1747199939208 0.005276230163872242 4
1747199939351 0.0053658876568078995 5
1747199939525 0.0053468262776732445 6
1747199939674 0.0051603675819933414 7
1747199939817 0.005086827091872692 8
1747199939965 0.0050909146666526794 9
1747199940114 0.004957215860486031 10
1747199940690 0.008507163263857365 0
1747199940871 0.005936252418905497 1
1747199941051 0.0060476576909422874 2
1747199941231 0.005708524025976658 3
1747199941418 0.005607432685792446 4
1747199941603 0.005535469390451908 5
1747199942208 0.024517569690942764 0
1747199942413 0.0059813689440488815 1
1747199942611 0.006515752524137497 2
1747199942814 0.006116663571447134 3
1747199943034 0.006065005902200937 4
1747199943232 0.0060317725874483585 5
1747199943418 0.005998300854116678 6
1747199943960 0.013501348905265331 0
1747199944086 0.005737414583563805 1
1747199944215 0.005524851381778717 2
1747199944333 0.0054786112159490585 3
1747199944454 0.005403817631304264 4
1747199944599 0.00553243700414896 5
1747199945153 0.006869743578135967 0
1747199945303 0.005495141725987196 1
1747199945443 0.0052218749187886715 2
1747199945596 0.005205700173974037 3
1747199945744 0.0050987242721021175 4
1747199945890 0.005021544173359871 5
1747199946027 0.004924595355987549 6
1747199946529 0.010927509516477585 0
1747199946634 0.0059623392298817635 1
1747199946739 0.006131549831479788 2
1747199946849 0.0058274525217711926 3
1747199946953 0.005759339779615402 4
1747199947057 0.005788035690784454 5
1747199947161 0.0057196300476789474 6
1747199947279 0.005699978210031986 7
1747199947387 0.005874382331967354 8
1747199947493 0.005593606270849705 9
1747199947623 0.005649058148264885 10
1747199948313 0.007929292507469654 0
1747199948421 0.00599427567794919 1
1747199948531 0.005846349522471428 2
1747199948639 0.005665488075464964 3
1747199948743 0.0056847743690013885 4
1747199948851 0.005718060303479433 5
1747199949405 0.009386423975229263 0
1747199949547 0.006484832148998976 1
1747199949689 0.0062049375846982 2
1747199949833 0.005864371079951525 3
1747199949977 0.006028336938470602 4
1747199950122 0.00581597862765193 5
1747199950270 0.005753418430685997 6
1747199950788 0.01623804122209549 0
1747199950898 0.005419982597231865 1
1747199951011 0.005368632730096579 2
1747199951123 0.005223278887569904 3
1747199951231 0.005196042824536562 4
1747199951341 0.005137018859386444 5
1747199951934 0.014307652600109577 0
1747199952082 0.006267392076551914 1
1747199952228 0.006275127176195383 2
1747199952372 0.005979281384497881 3
1747199952523 0.006074697244912386 4
1747199952673 0.005939432419836521 5
1747199952822 0.005769660230726004 6
1747199952989 0.006006716284900904 7
1747199953139 0.00595793966203928 8
1747199953658 0.007825767621397972 0
1747199953765 0.005798761732876301 1
1747199953871 0.00526486337184906 2
1747199953978 0.005300609394907951 3
1747199954082 0.005142337176948786 4
1747199954184 0.005150885786861181 5
1747199954288 0.005008988548070192 6
1747199954392 0.005038796458393335 7
1747199954497 0.004996117670089006 8
1747199954668 0.004951693117618561 9
1747199954773 0.004938577767461538 10
1747199954879 0.004849961027503014 11
1747199954985 0.004843874368816614 12
1747199955090 0.004762209486216307 13
1747199955195 0.004819522146135569 14
1747199955298 0.004863522481173277 15
1747199955405 0.004751787055283785 16
1747199955508 0.0047711837105453014 17
1747199956061 0.012471691705286503 0
1747199956213 0.006054893601685762 1
1747199956364 0.006157942581921816 2
1747199956523 0.006048425566405058 3
1747199956678 0.005888191983103752 4
1747199956832 0.005979817360639572 5
1747199956987 0.0057984283193945885 6
1747199957161 0.0057433289475739 7
1747199957329 0.005825554486364126 8
1747199957480 0.00580753106623888 9
1747199957628 0.005736573599278927 10
1747199957784 0.005738468840718269 11
1747199958284 0.008127029053866863 0
1747199958379 0.00590915372595191 1
1747199958474 0.005504554137587547 2
1747199958570 0.00529179023578763 3
1747199958670 0.005184847395867109 4
1747199958774 0.005114901345223188 5
1747199958878 0.005040980875492096 6
1747199958976 0.005007456988096237 7
1747199959071 0.004953965079039335 8
1747199959164 0.004903459921479225 9
1747199959262 0.004878532607108355 10
1747199959358 0.004875127226114273 11
1747199959454 0.004902699496597052 12
1747199959549 0.004793165717273951 13
1747199959647 0.0048347171396017075 14
1747199959741 0.004825468175113201 15
1747199959838 0.004815130494534969 16
1747199959938 0.00476892851293087 17
1747199960037 0.004706838168203831 18
1747199960136 0.004690224304795265 19
1747199960790 0.007101737894117832 0
1747199961056 0.00564511539414525 1
1747199961317 0.005449668038636446 2
1747199961583 0.005244433879852295 3
1747199961913 0.005229487083852291 4
1747199962193 0.005137682892382145 5
1747199962462 0.005126199685037136 6
1747199962740 0.005009216256439686 7
1747199963296 0.012889031320810318 0
1747199963406 0.005996981635689735 1
1747199963517 0.005589038599282503 2
1747199963631 0.005508715752512217 3
1747199963742 0.005336412228643894 4
1747199963848 0.005299618933349848 5
1747199963982 0.005230562761425972 6
1747199964127 0.005247451830655336 7
1747199964249 0.0051811328157782555 8
1747199964369 0.005191911943256855 9
1747199964481 0.0051871840842068195 10
1747199964614 0.005114282481372356 11
1747199964733 0.005124556832015514 12
1747199964833 0.005014308262616396 13
1747199964936 0.005021571181714535 14
1747199965038 0.004960206337273121 15
1747199965137 0.004962067119777203 16
1747199965237 0.004974930547177792 17
1747199965341 0.004923500120639801 18
1747199965446 0.004945275839418173 19
1747199965961 0.010260171256959438 0
1747199966063 0.00552422646433115 1
1747199966166 0.005623068660497665 2
1747199966270 0.005412773694843054 3
1747199966371 0.005336911883205175 4
1747199966475 0.005409920122474432 5
1747199966578 0.005260273348540068 6
1747199966681 0.0052741700783371925 7
1747199966782 0.005197690799832344 8
1747199966888 0.005291246809065342 9
1747199966991 0.00520044332370162 10
1747199967091 0.005219918210059404 11
1747199967627 0.007709710393100977 0
1747199967730 0.005515902303159237 1
1747199967836 0.005280218552798033 2
1747199967938 0.005306581500917673 3
1747199968039 0.0053025889210402966 4
1747199968141 0.005253884941339493 5
1747199968240 0.0051281689666211605 6
1747199968360 0.005177990533411503 7
1747199968864 0.011818603612482548 0
1747199968969 0.005830594338476658 1
1747199969068 0.005443524103611708 2
1747199969170 0.0054983836598694324 3
1747199969270 0.005299740005284548 4
1747199969374 0.005317100323736668 5
1747199969476 0.005238187499344349 6
1747199969576 0.0053518046624958515 7
1747199969678 0.005059503018856049 8
1747199969781 0.005084392614662647 9
1747199969879 0.0051376111805438995 10
1747199969982 0.005084850359708071 11
1747199970084 0.005142254754900932 12
1747199970189 0.005074103828519583 13
1747199970289 0.005009316373616457 14
1747199970390 0.0050480179488658905 15
1747199970517 0.0049934168346226215 16
1747199970619 0.005104297772049904 17
1747199970718 0.0050391508266329765 18
1747199971226 0.009397110901772976 0
1747199971332 0.005690821446478367 1
1747199971432 0.005331818014383316 2
1747199971539 0.005215182434767485 3
1747199971640 0.00521571421995759 4
1747199971743 0.005137129221111536 5
1747199971847 0.005079756025224924 6
1747199971954 0.005058645270764828 7
1747199972060 0.005027711391448975 8
1747199972163 0.005008047912269831 9
1747199972268 0.00504697160795331 10
1747199972371 0.004999618045985699 11
1747199972927 0.008077682927250862 0
1747199973090 0.005405175965279341 1
1747199973248 0.0055904751643538475 2
1747199973410 0.005199851468205452 3
1747199973567 0.005304353311657906 4
1747199973729 0.005348311737179756 5
1747199973882 0.005218563601374626 6
1747199974044 0.00510015431791544 7
1747199974208 0.005176040809601545 8
1747199974361 0.005080068949609995 9
1747199974523 0.005129655357450247 10
1747199974728 0.00506215263158083 11
1747199974893 0.005055480636656284 12
1747199975685 0.00876683834940195 0
1747199975826 0.0055098216980695724 1
1747199975972 0.005620996467769146 2
1747199976110 0.005595533177256584 3
1747199976254 0.005403879098594189 4
1747199976404 0.005262533202767372 5
1747199976539 0.005242896731942892 6
1747199976719 0.005200949031859636 7
1747199976865 0.005093221087008715 8
1747199977013 0.005358269903808832 9
1747199977157 0.0051514385268092155 10
1747199977313 0.00504265446215868 11
1747199977462 0.005115888547152281 12
1747199978085 0.007687384728342295 0
1747199978213 0.005608983337879181 1
1747199978333 0.005493535194545984 2
1747199978458 0.005506407003849745 3
1747199978581 0.005264126695692539 4
1747199978706 0.0052297692745924 5
1747199978831 0.0051103625446558 6
1747199978954 0.005089092534035444 7
1747199979078 0.004997318610548973 8
1747199979203 0.0051307533867657185 9
1747199979325 0.004979622084647417 10
1747199979874 0.009325972758233547 0
1747199980023 0.005530038382858038 1
1747199980166 0.00547126354649663 2
1747199980316 0.005369610618799925 3
1747199980463 0.005235741380602121 4
1747199980609 0.005248496774584055 5
1747199980752 0.005272140260785818 6
1747199980893 0.005303739570081234 7
1747199981041 0.00540121179074049 8
1747199981183 0.005254118237644434 9
1747199981328 0.005326170474290848 10
1747199981472 0.0052971020340919495 11
1747199981615 0.0051825279369950294 12
1747199982152 0.006724983919411898 0
1747199982292 0.0054840100929141045 1
1747199982428 0.005299880634993315 2
1747199982566 0.005207817070186138 3
1747199982710 0.005303698126226664 4
1747199982854 0.005379147827625275 5
1747199982999 0.005107627250254154 6
1747199983140 0.005079744383692741 7
1747199983670 0.012690304778516293 0
1747199983778 0.006193146109580994 1
1747199983882 0.005481759086251259 2
1747199983987 0.005312405992299318 3
1747199984094 0.005212393589317799 4
1747199984199 0.005249876528978348 5
1747199984301 0.00511552020907402 6
1747199984403 0.005186427850276232 7
1747199984507 0.005247711203992367 8
1747199984660 0.005135731305927038 9
1747199984769 0.005230659153312445 10
1747199984870 0.005023304373025894 11
1747199985626 0.007128072436898947 0
1747199985829 0.005685862619429827 1
1747199986026 0.0053328643552958965 2
1747199986220 0.005321450065821409 3
1747199986402 0.005275258328765631 4
1747199986591 0.00515989912673831 5
1747199986777 0.005176757462322712 6
1747199986991 0.005133136175572872 7
1747199987621 0.00764801912009716 0
1747199987723 0.005612426437437534 1
1747199987827 0.005241140257567167 2
1747199987929 0.005341776181012392 3
1747199988032 0.005359721835702658 4
1747199988133 0.0051614646799862385 5
1747199988236 0.005166345275938511 6
1747199988338 0.005188769195228815 7
1747199988439 0.005099678412079811 8
1747199988541 0.004988199565559626 9
1747199988645 0.005024475045502186 10
