1747288708341 0.007535451091825962 0
1747288708482 0.005823228508234024 1
1747288708618 0.005508968140929937 2
1747288708751 0.005569631699472666 3
1747288708888 0.005288384389132261 4
1747288709028 0.005442009307444096 5
1747289275367 0.00813012383878231 0
1747289275560 0.005733950529247522 1
1747289275796 0.005444817710667849 2
1747289276005 0.005260358564555645 3
1747289276200 0.0051883552223443985 4
1747289276390 0.005160460248589516 5
1747289276582 0.005028724204748869 6
1747289276774 0.005105525720864534 7
1747289276964 0.004986721556633711 8
1747289277153 0.004986208863556385 9
1747289277344 0.004964637104421854 10
1747289277539 0.004883101675659418 11
1747289277732 0.004796252585947514 12
1747289277925 0.004796537104994059 13
1747289278124 0.004854993429034948 14
1747289278343 0.004747995641082525 15
1747289278558 0.004625725094228983 16
1747289278767 0.0046770451590418816 17
1747289278956 0.004623106215149164 18
1747289279146 0.004535545129328966 19
1747289279336 0.0045008584856987 20
1747289279527 0.004611820448189974 21
1747290025243 0.308780699968338 0
1747290025767 0.013128829188644886 1
1747290026318 0.009855378419160843 2
1747290026881 0.008328836411237717 3
1747290027370 0.0077795833349227905 4
1747290027870 0.007358913775533438 5
1747290028443 0.007378078065812588 6
1747290028979 0.0069197057746350765 7
1747290029609 0.0070656053721904755 8
1747290030178 0.006842368748039007 9
1747290030745 0.006963810417801142 10
1747290031300 0.0065496801398694515 11
1747290093572 0.010365785099565983 0
1747290093889 0.0073724607937037945 1
1747290094160 0.006191341206431389 2
1747290094433 0.005744263529777527 3
1747290094710 0.005470080766826868 4
1747290094995 0.005312659312039614 5
1747290095349 0.005320508033037186 6
1747290095637 0.005064854398369789 7
1747290095998 0.005036559887230396 8
1747290281035 0.006985953543335199 0
1747290281687 0.005739838350564241 1
1747290282428 0.005526347551494837 2
1747290283070 0.005437049549072981 3
1747290283777 0.005265445448458195 4
1747290284431 0.005263930652290583 5
1747290285074 0.005077260546386242 6
1747290285768 0.00510620279237628 7
1747290286421 0.005131429061293602 8
1747290287154 0.005001095589250326 9
1747290287867 0.005045935045927763 10
1747290288554 0.005017512943595648 11
1747290289246 0.004991976544260979 12
1747290289997 0.004901219625025988 13
1747290290790 0.005002708174288273 14
1747290291471 0.004963163752108812 15
1747290439021 0.010141515173017979 0
1747290439955 0.008244798518717289 1
1747290440867 0.0068915123119950294 2
1747290441894 0.006168117746710777 3
1747290442917 0.005874471738934517 4
1747290443851 0.0056755077093839645 5
1747290444891 0.005614531226456165 6
1747290445915 0.005679141264408827 7
1747290446853 0.005510064773261547 8
1747290447811 0.005382401868700981 9
1747290448728 0.005302108824253082 10
1747290465086 0.010309967212378979 0
1747290466129 0.008021051995456219 1
1747290467086 0.006719096098095179 2
1747290468211 0.006008559837937355 3
1747290469243 0.005831805057823658 4
1747290470184 0.00573858292773366 5
1747290471119 0.005594705231487751 6
1747290472073 0.005525847431272268 7
1747290473041 0.005462265573441982 8
1747290481755 0.009523977525532246 0
1747290482753 0.0074573601596057415 1
1747290483746 0.006674459204077721 2
1747290484712 0.006084338296204805 3
1747290485635 0.005810183472931385 4
1747290486591 0.005749559495598078 5
1747290487509 0.005576707422733307 6
1747290488451 0.0054810685105621815 7
1747290489417 0.005559083074331284 8
1747290490345 0.005329403094947338 9
1747290491278 0.0054098996333777905 10
1747290561861 0.008038475178182125 0
1747290562535 0.005821571685373783 1
1747290563236 0.005711515434086323 2
1747290563915 0.0054570818319916725 3
1747290564600 0.005371415056288242 4
1747290565432 0.005346063990145922 5
1747290566119 0.00526850251480937 6
1747290566801 0.005308240186423063 7
1747290567485 0.005258047953248024 8
1747290568164 0.0051542120054364204 9
1747290568858 0.005147343035787344 10
1747290569542 0.0051788827404379845 11
1747290570260 0.005146651994436979 12
1747290570968 0.0051527200266718864 13
1747290657993 0.007444586604833603 0
1747290658366 0.005677792709320784 1
1747290658778 0.0055645969696342945 2
1747290659151 0.0055181425996124744 3
1747290659523 0.005409263074398041 4
1747290659896 0.005345752462744713 5
1747290660271 0.005209209397435188 6
1747290660678 0.005201705731451511 7
1747290661065 0.005158768501132727 8
1747290661466 0.005060588009655476 9
1747290661891 0.004988123197108507 10
1747290662310 0.005053010303527117 11
1747290662696 0.005032144486904144 12
1747290663074 0.0050236233510077 13
1747290663500 0.00498074060305953 14
1747290663949 0.004969472531229258 15
1747290664335 0.004974390845745802 16
1747290929941 0.006864977069199085 0
1747290930130 0.005622745957225561 1
1747290930315 0.0053573064506053925 2
1747290930497 0.005187471397221088 3
1747290930677 0.005219936836510897 4
1747290930860 0.005166846793144941 5
1747290931045 0.0050948807038366795 6
1747290931259 0.0049748788587749004 7
1747290965318 0.26468467712402344 0
1747290965904 0.013495216146111488 1
1747290966417 0.009952550753951073 2
1747290966982 0.008652503602206707 3
1747290967461 0.007953966967761517 4
1747290967974 0.007707393728196621 5
1747290968491 0.007549306843429804 6
1747290968996 0.007591481786221266 7
1747290969547 0.0074140834622085094 8
1747290970102 0.007213811855763197 9
1747290981721 0.33188068866729736 0
1747290982257 0.013915784657001495 1
1747290982789 0.009769761003553867 2
1747290983307 0.008690284565091133 3
1747290983840 0.00820840522646904 4
1747290984399 0.007915427908301353 5
1747290984927 0.007487019523978233 6
1747290985454 0.007320720236748457 7
1747290986015 0.007199171930551529 8
1747290986556 0.006819543894380331 9
1747290987086 0.006840637419372797 10
1747290987652 0.0066335382871329784 11
1747290988227 0.006765017751604319 12
1747290988779 0.006619154941290617 13
1747290989332 0.006320454645901918 14
1747290989868 0.0065421247854828835 15
1747290990423 0.006430660840123892 16
1747290990996 0.0065706283785402775 17
1747290991536 0.006323398556560278 18
1747290992090 0.006098579615354538 19
1747290992656 0.006220098119229078 20
1747290993246 0.006230618339031935 21
1747290993806 0.006086273584514856 22
1747290994329 0.006214802619069815 23
1747290994858 0.006117408163845539 24
1747290995365 0.0061334725469350815 25
1747290995905 0.006034424994140863 26
1747291002837 0.29383140802383423 0
1747291003398 0.013587054796516895 1
1747291003939 0.009699870832264423 2
1747291004477 0.008458549156785011 3
1747291005029 0.008053778670728207 4
1747291005590 0.007345017045736313 5
1747291006180 0.007367187179625034 6
1747291006770 0.007247455418109894 7
1747291007369 0.006878504063934088 8
1747291007934 0.0068444423377513885 9
1747291008525 0.006809908431023359 10
1747291009082 0.006710406392812729 11
1747291009636 0.00686582550406456 12
1747291010195 0.006575525272637606 13
1747291010875 0.006328966002911329 14
1747291011468 0.006345883011817932 15
1747291138320 0.010345007292926311 0
1747291139238 0.006936963181942701 1
1747291140165 0.006210836116224527 2
1747291141121 0.00585525156930089 3
1747291142081 0.005523538216948509 4
1747291143026 0.005689498968422413 5
1747291144019 0.005486020818352699 6
1747291144967 0.005386337637901306 7
1747291145912 0.005365164950489998 8
1747291146847 0.00497712567448616 9
1747291147801 0.005098981317132711 10
1747291148806 0.004913796205073595 11
1747291409277 0.009507437236607075 0
1747291409924 0.007074218709021807 1
1747291410587 0.0060553234070539474 2
1747291411230 0.005685681011527777 3
1747291411858 0.0054124826565384865 4
1747291412519 0.005110285244882107 5
1747291413161 0.005022720899432898 6
1747291413852 0.005088741425424814 7
1747291414559 0.005054804030805826 8
1747291415239 0.0047380076721310616 9
1747291415914 0.0047347513027489185 10
1747291416620 0.004785974510014057 11
1747291417321 0.0047223675064742565 12
1747291418014 0.004836896900087595 13
1747291493049 0.08092020452022552 0
1747291493198 0.005799564067274332 1
1747291493351 0.005833773873746395 2
1747291493535 0.005875148810446262 3
1747291493703 0.005975537467747927 4
1747291493861 0.006048667710274458 5
1747291494008 0.005920157767832279 6
1747291494154 0.005885767750442028 7
1747291494300 0.0059253135696053505 8
1747291494445 0.005876747891306877 9
1747291494592 0.0057973312214016914 10
1747291494738 0.00566651439294219 11
1747291494889 0.005823088809847832 12
1747291495034 0.005860300734639168 13
1747291495567 0.0077453842386603355 0
1747291495685 0.005916431080549955 1
1747291495799 0.005448807496577501 2
1747291495917 0.005344148725271225 3
1747291496036 0.005160223692655563 4
1747291496157 0.005001711659133434 5
1747291496279 0.004887218587100506 6
1747291496426 0.004915229044854641 7
1747291496543 0.00492401747033 8
1747291496664 0.004841729067265987 9
1747291496781 0.004696598742157221 10
1747291496899 0.004630525596439838 11
1747291497021 0.004573172889649868 12
1747291497523 0.0743694081902504 0
1747291497622 0.006118993740528822 1
1747291497718 0.005933165084570646 2
1747291497815 0.0053575714118778706 3
1747291497908 0.005383698735386133 4
1747291498002 0.005379554815590382 5
1747291498096 0.00545972865074873 6
1747291498189 0.005733083002269268 7
1747291498284 0.005185666028410196 8
1747291498378 0.0051655531860888 9
1747291498470 0.005466386675834656 10
1747291498565 0.0053138770163059235 11
1747291498663 0.0051551805809140205 12
1747291498758 0.0056609814055264 13
1747291498854 0.005207813810557127 14
1747291498950 0.005155860912054777 15
1747291499046 0.005102613475173712 16
1747291499704 0.007408868055790663 0
1747291499959 0.006442208308726549 1
1747291500227 0.0061568752862513065 2
1747291500515 0.005867987871170044 3
1747291500776 0.005940584000200033 4
1747291501030 0.00577141996473074 5
1747291501288 0.005670882295817137 6
1747291501536 0.005885673221200705 7
1747291501789 0.005613912828266621 8
1747291502041 0.005592887755483389 9
1747291502298 0.005584064871072769 10
1747291502800 0.012542449869215488 0
1747291502902 0.005449436604976654 1
1747291503000 0.005342303775250912 2
1747291503102 0.005346727557480335 3
1747291503203 0.00536944018676877 4
1747291503303 0.005106200929731131 5
1747291503402 0.005055006593465805 6
1747291503501 0.005023096688091755 7
1747291503606 0.005009680055081844 8
1747291503734 0.0050271255895495415 9
1747291503837 0.005015796050429344 10
1747291503937 0.004986404441297054 11
1747291504037 0.004836398176848888 12
1747291504140 0.004808543715626001 13
1747291504658 0.008534661494195461 0
1747291504776 0.005700798239558935 1
1747291504895 0.00548144057393074 2
1747291505013 0.005305243190377951 3
1747291505129 0.0050986148416996 4
1747291505244 0.0051778750494122505 5
1747291505360 0.005044291727244854 6
1747291505481 0.004913161043077707 7
1747291505605 0.004813327454030514 8
1747291505744 0.0047800722531974316 9
1747291505869 0.004800113849341869 10
1747291505995 0.004691908601671457 11
1747291506116 0.004671009257435799 12
1747291506233 0.00462115416303277 13
1747291507006 0.006976095028221607 0
1747291507304 0.005673161707818508 1
1747291507596 0.0054024942219257355 2
1747291507878 0.0051839011721313 3
1747291508153 0.00511124636977911 4
1747291508432 0.0049917567521333694 5
1747291508824 0.004878837615251541 6
1747291509099 0.004903300199657679 7
1747291509386 0.004792451858520508 8
1747291509684 0.0048772250302135944 9
1747291510019 0.004713201895356178 10
1747291510560 0.010479656979441643 0
1747291510676 0.005694604478776455 1
1747291510795 0.00540916109457612 2
1747291510913 0.005278019700199366 3
1747291511030 0.0052682519890367985 4
1747291511149 0.005041216965764761 5
1747291511269 0.0050492254085838795 6
1747291511391 0.004979993682354689 7
1747291511540 0.004954165313392878 8
1747291511661 0.004952535033226013 9
1747291511781 0.004885553847998381 10
1747291511904 0.004823696333914995 11
1747291512024 0.004735523834824562 12
1747291512143 0.00480169290676713 13
1747291512685 0.015485628508031368 0
1747291512833 0.006567351054400206 1
1747291512981 0.006633900571614504 2
1747291513127 0.00632818415760994 3
1747291513272 0.006252882536500692 4
1747291513418 0.005952003877609968 5
1747291513569 0.005881969816982746 6
1747291513716 0.005967091303318739 7
1747291513866 0.005828632041811943 8
1747291514011 0.00571851059794426 9
1747291514913 0.030694013461470604 0
1747291515066 0.006723069120198488 1
1747291515212 0.006624252535402775 2
1747291515359 0.006558689288794994 3
1747291515531 0.0067420355044305325 4
1747291515680 0.006431269459426403 5
1747291515826 0.0064172931015491486 6
1747291515973 0.006252202671021223 7
1747291516119 0.006294381804764271 8
1747291516266 0.005912743043154478 9
1747291516415 0.005915260873734951 10
1747291516560 0.005818367004394531 11
1747291517188 0.008757264353334904 0
1747291517404 0.006240267306566238 1
1747291517620 0.005919842515140772 2
1747291517835 0.005733922589570284 3
1747291518055 0.005650106351822615 4
1747291518272 0.00568171963095665 5
1747291518489 0.005514690186828375 6
1747291518706 0.0055818138644099236 7
1747291518921 0.005505276843905449 8
1747291519137 0.005485108122229576 9
1747291519694 0.07666097581386566 0
1747291519854 0.006157542113214731 1
1747291520013 0.005996569525450468 2
1747291520166 0.006076476536691189 3
1747291520341 0.006359628401696682 4
1747291520510 0.006140774581581354 5
1747291520657 0.006017145700752735 6
1747291521368 0.03930322825908661 0
1747291521634 0.006378588266670704 1
1747291521900 0.006141285412013531 2
1747291522163 0.006101059261709452 3
1747291522425 0.00608628336340189 4
1747291522667 0.0059778811410069466 5
1747291523407 0.21514086425304413 0
1747291523687 0.005836944095790386 1
1747291523953 0.005899349693208933 2
1747291524246 0.0061148907989263535 3
1747291524543 0.006038435269147158 4
1747291524789 0.005879832897335291 5
1747291525033 0.005773298908025026 6
1747291525284 0.00559638999402523 7
1747291525528 0.0055502005852758884 8
1747291525771 0.005455746315419674 9
1747291526039 0.0055839004926383495 10
1747291526310 0.0055954335257411 11
1747291526581 0.005520860198885202 12
1747291526859 0.005468249320983887 13
1747291527142 0.005800229962915182 14
1747291527422 0.005620164796710014 15
1747291527964 0.020993784070014954 0
1747291528099 0.007635480258613825 1
1747291528246 0.0067591313272714615 2
1747291528405 0.006507814396172762 3
1747291528559 0.0060816616751253605 4
1747291528708 0.0059602768160402775 5
1747291528903 0.005805648397654295 6
1747291529059 0.0059741707518696785 7
1747291529217 0.005832152906805277 8
1747291529370 0.005774050951004028 9
1747291529536 0.0058797430247068405 10
1747291529693 0.0056489561684429646 11
1747291529847 0.005638881586492062 12
1747291529999 0.005627793725579977 13
1747291530158 0.0055910819210112095 14
1747291530296 0.005468193907290697 15
1747291531042 0.2821069359779358 0
1747291531357 0.006187422201037407 1
1747291531640 0.0062530082650482655 2
1747291531924 0.006193563342094421 3
1747291532276 0.006349804811179638 4
1747291532593 0.006328594870865345 5
1747291532902 0.006211169995367527 6
1747291533245 0.006119582802057266 7
1747291533601 0.005977758206427097 8
1747291534201 0.026584791019558907 0
1747291534351 0.00638560950756073 1
1747291534498 0.0064704506658017635 2
1747291534657 0.0062155090272426605 3
1747291534802 0.006167976185679436 4
1747291534985 0.006106697954237461 5
1747291535145 0.006303809117525816 6
1747291535309 0.005880952812731266 7
1747291535479 0.005775063764303923 8
1747291535643 0.005993015132844448 9
1747291536328 0.01259939931333065 0
1747291536594 0.006249523255974054 1
1747291536821 0.007044404279440641 2
1747291537078 0.00701568741351366 3
1747291537334 0.006400370039045811 4
1747291537616 0.006163611076772213 5
1747291537872 0.006026220973581076 6
1747291538532 0.013792069628834724 0
1747291538772 0.007069808430969715 1
1747291539018 0.006475455593317747 2
1747291539278 0.006068110466003418 3
1747291539549 0.006050549913197756 4
1747291539864 0.005919670686125755 5
1747291540121 0.005882675759494305 6
1747291540359 0.0058348351158201694 7
1747291540594 0.005904928781092167 8
1747291540837 0.005595769267529249 9
1747291541100 0.0056504965759813786 10
1747291541667 0.013799885287880898 0
1747291541830 0.006084025371819735 1
1747291542004 0.006275211460888386 2
1747291542176 0.0060333916917443275 3
1747291542349 0.005934643093496561 4
1747291542527 0.006008707452565432 5
1747291542705 0.00620226887986064 6
1747291542890 0.006045312155038118 7
1747291543064 0.005858593620359898 8
1747291543229 0.0055933063849806786 9
1747291543930 0.016496384516358376 0
1747291544166 0.007275409065186977 1
1747291544420 0.006959672551602125 2
1747291544691 0.006343359127640724 3
1747291544926 0.006247461773455143 4
1747291545150 0.005861587822437286 5
1747291545373 0.0057974038645625114 6
1747291545600 0.0057253241539001465 7
1747291545832 0.005748184863477945 8
1747291546112 0.005761179607361555 9
1747291546372 0.005595041438937187 10
1747291546628 0.005644103046506643 11
1747291546863 0.005574029870331287 12
1747291547119 0.005518034100532532 13
1747291547363 0.00544389896094799 14
1747291547944 0.010175717994570732 0
1747291548114 0.006644931621849537 1
1747291548285 0.00623793201521039 2
1747291548444 0.005865367595106363 3
1747291548652 0.0059905825182795525 4
1747291548847 0.005942090880125761 5
1747291549019 0.005828619468957186 6
1747291549595 0.01057446002960205 0
1747291549766 0.00643496448174119 1
1747291549911 0.006109187379479408 2
1747291550055 0.005997045431286097 3
1747291550200 0.005702087190002203 4
1747291550371 0.005693475715816021 5
1747291550522 0.005735977087169886 6
1747291550667 0.005693385843187571 7
1747291550813 0.006056554149836302 8
1747291551401 0.015111544169485569 0
1747291551556 0.006465765181928873 1
1747291551706 0.00621758121997118 2
1747291551858 0.006082490552216768 3
1747291552012 0.0062700859270989895 4
1747291552166 0.0062435888685286045 5
1747291552323 0.00597439706325531 6
1747291552475 0.006110260728746653 7
1747291552627 0.005870170425623655 8
1747291553193 0.008482870645821095 0
1747291553366 0.006507605779916048 1
1747291553527 0.0065228804014623165 2
1747291553696 0.005922089330852032 3
1747291553873 0.005945113953202963 4
1747291554072 0.005984059534966946 5
1747291554232 0.006030313204973936 6
1747291554399 0.006148913875222206 7
1747291554608 0.005814893636852503 8
1747291554787 0.005730937235057354 9
1747291555407 0.020666062831878662 0
1747291555597 0.006638999097049236 1
1747291555783 0.00639116857200861 2
1747291555938 0.00613235542550683 3
1747291556107 0.00620676064863801 4
1747291556286 0.006476446520537138 5
1747291556458 0.006018900312483311 6
1747291557271 0.007816496305167675 0
1747291557631 0.006485042627900839 1
1747291558040 0.006507339421659708 2
1747291558456 0.0061374232172966 3
1747291558874 0.006249680183827877 4
1747291559280 0.006091205403208733 5
1747291559692 0.006085132248699665 6
1747291560271 0.028190987184643745 0
1747291560430 0.005990272853523493 1
1747291560609 0.006302521098405123 2
1747291560794 0.006178561598062515 3
1747291560979 0.006007861811667681 4
1747291561204 0.006136404816061258 5
1747291561365 0.005923355929553509 6
1747291561534 0.005866750609129667 7
1747291561695 0.006157740484923124 8
1747291561858 0.00575557304546237 9
1747291562848 0.015292459167540073 0
1747291563030 0.006140815559774637 1
1747291563202 0.0063669015653431416 2
1747291563406 0.006225289311259985 3
1747291563585 0.006597728934139013 4
1747291563759 0.005880170967429876 5
1747291564521 0.009356822818517685 0
1747291564786 0.006734875030815601 1
1747291565043 0.006765313912183046 2
1747291565312 0.006076268386095762 3
1747291565572 0.006147146224975586 4
1747291565831 0.005729245487600565 5
1747291566147 0.0057601709850132465 6
1747291582677 0.007962525822222233 0
1747291582948 0.006618034094572067 1
1747291583195 0.006168842781335115 2
1747291583443 0.006624994333833456 3
1747291583688 0.006088219117373228 4
1747291583936 0.006111574359238148 5
1747291584183 0.006012729834765196 6
1747291584430 0.005931843537837267 7
1747291760928 0.008135698735713959 0
1747291761091 0.005917079746723175 1
1747291761243 0.005474521312862635 2
1747291761392 0.005225733388215303 3
1747291761607 0.0053922138176858425 4
1747291761745 0.005452545825392008 5
1747291761883 0.005171728786081076 6
1747291762020 0.005118003115057945 7
1747291762158 0.0051866029389202595 8
1747291762295 0.005135798826813698 9
1747291762433 0.004909464158117771 10
1747291762571 0.004912169184535742 11
1747291762710 0.005078716203570366 12
1747291776957 0.7849217653274536 0
1747291777141 0.24111579358577728 1
1747291777321 0.1186496913433075 2
1747291777497 0.05941647291183472 3
1747291777676 0.030646104365587234 4
1747291777858 0.017363540828227997 5
1747291778059 0.011328188702464104 6
1747291778256 0.009163969196379185 7
1747291778444 0.008007228374481201 8
1747291778623 0.0074621704407036304 9
1747291778816 0.007224051281809807 10
1747291779008 0.006995354779064655 11
1747291779196 0.006777472328394651 12
1747291779405 0.006987628992646933 13
1747291779585 0.00680913683027029 14
1747291779776 0.0066519854590296745 15
1747291827816 0.014190755784511566 0
1747291828094 0.007380759809166193 1
1747291828368 0.006873989477753639 2
1747291828627 0.006388980429619551 3
1747291828935 0.006508408579975367 4
1747291829187 0.006120176520198584 5
1747291829455 0.0058337668888270855 6
1747291829719 0.006032293196767569 7
1747291829988 0.00597282825037837 8
1747291830259 0.005870146211236715 9
1747291830517 0.005784824024885893 10
1747291871094 0.01592947728931904 0
1747291871377 0.00743918027728796 1
1747291871634 0.006592379417270422 2
1747291871926 0.006346930284053087 3
1747291872176 0.006252737250179052 4
1747291872424 0.005997003987431526 5
1747291872708 0.006035862024873495 6
1747291872957 0.005844149272888899 7
1747292892646 0.00884464755654335 0
1747292893641 0.0060111540369689465 1
1747292894633 0.005756902042776346 2
1747292895634 0.005801428109407425 3
1747292896646 0.00555286044254899 4
1747292897645 0.005463204812258482 5
1747292898663 0.00544147752225399 6
1747292899666 0.005430295132100582 7
1747292900666 0.0053445384837687016 8
1747292901673 0.005282489117234945 9
1747292902669 0.005295265931636095 10
1747292903678 0.005293265450745821 11
1747292904676 0.005189635790884495 12
1747292905676 0.00518513610586524 13
1747292906685 0.005049545783549547 14
1747292907687 0.005087169352918863 15
1747292908687 0.0050562662072479725 16
1747292911917 0.007939610630273819 0
1747292913714 0.005805484484881163 1
1747292915494 0.005619818344712257 2
1747292917287 0.0055673690512776375 3
1747292919129 0.005404213443398476 4
1747292920972 0.005388668272644281 5
1747292922798 0.005349350161850452 6
1747292924591 0.005366121884435415 7
1747292926387 0.00522215710952878 8
1747292928212 0.005160593427717686 9
1747292930223 0.010906127281486988 0
1747292930877 0.00930086150765419 1
1747292931537 0.008936303667724133 2
1747292932217 0.008538046851754189 3
1747292932866 0.008123712614178658 4
1747292933553 0.007918508723378181 5
1747292934217 0.0075272792018949986 6
1747292934879 0.007294498383998871 7
1747292935571 0.007134249899536371 8
1747292936250 0.0070657264441251755 9
1747292936930 0.006826790049672127 10
1747292937614 0.006686893757432699 11
1747292938276 0.006612827535718679 12
1747292938946 0.00657349219545722 13
1747292939597 0.006350701209157705 14
1747292940241 0.0062260376289486885 15
1747292940910 0.006165395490825176 16
1747292941554 0.006076998542994261 17
1747292942202 0.006062859203666449 18
1747292947230 0.013099395669996738 0
1747292950587 0.006749778985977173 1
1747292953646 0.006352677009999752 2
1747292956682 0.00605910737067461 3
1747292959731 0.005933711770921946 4
1747292962815 0.006009175907820463 5
1747292965867 0.0059310742653906345 6
1747292969061 0.005696559324860573 7
1747292971777 0.031218746677041054 0
1747292973021 0.006737347226589918 1
1747292974277 0.005981248337775469 2
1747292975547 0.005911468528211117 3
1747292976851 0.005707405041903257 4
1747292978128 0.0055546145886182785 5
1747292979464 0.005444868467748165 6
1747292980746 0.005519591271877289 7
1747292982031 0.005422364454716444 8
1747292983836 0.0109005868434906 0
1747292984240 0.008851666003465652 1
1747292984639 0.00785805657505989 2
1747292985013 0.006767084822058678 3
1747292985415 0.0064599416218698025 4
1747292985801 0.006246525328606367 5
1747292986176 0.00596719142049551 6
1747292986550 0.006010232958942652 7
1747292986927 0.005987688433378935 8
1747292987306 0.005802956875413656 9
1747292987685 0.005691814236342907 10
1747292988059 0.005945814773440361 11
1747292988440 0.00570810167118907 12
1747292988818 0.005638241767883301 13
1747292989193 0.005707642529159784 14
1747292989567 0.005635606590658426 15
1747292989948 0.005678788758814335 16
1747292992406 0.014321614056825638 0
1747292993645 0.0065148151479661465 1
1747292994919 0.006174259353429079 2
1747292996302 0.005929793696850538 3
1747292997623 0.0057847388088703156 4
1747292999012 0.005660887807607651 5
1747293000293 0.005523991771042347 6
1747293001611 0.005553338211029768 7
1747293002876 0.00545505853369832 8
1747293004143 0.005374349653720856 9
1747293005329 0.005417392589151859 10
1747293006649 0.005404256749898195 11
1747293007929 0.005237685050815344 12
1747293009120 0.005400290712714195 13
1747293010313 0.005224354565143585 14
1747293012308 0.012248898856341839 0
1747293012950 0.007591273169964552 1
1747293013588 0.0061876107938587666 2
1747293014223 0.0056120408698916435 3
1747293014850 0.005532830022275448 4
1747293015487 0.0053942822851240635 5
1747293016122 0.00544606102630496 6
1747293016756 0.005467454437166452 7
1747293017396 0.005270103923976421 8
1747293018031 0.005349811632186174 9
1747293018715 0.005280972924083471 10
1747293019401 0.005210905335843563 11
1747293020043 0.005170801654458046 12
1747293020682 0.005221972707659006 13
1747293023213 0.010395185090601444 0
1747293024495 0.0073904190212488174 1
1747293025854 0.0063459319062530994 2
1747293027273 0.005967333912849426 3
1747293028586 0.005862125661224127 4
1747293029864 0.005652684718370438 5
1747293031162 0.005747317336499691 6
1747293032461 0.0056210956536233425 7
1747293033804 0.005564821884036064 8
1747293035184 0.005589174572378397 9
1747293036736 0.005425845272839069 10
1747293038095 0.005366342607885599 11
1747293039324 0.0053945546969771385 12
1747293041301 0.011729562655091286 0
1747293041963 0.00631047273054719 1
1747293042610 0.005634740926325321 2
1747293043226 0.0054887039586901665 3
1747293043882 0.005511075258255005 4
1747293044522 0.0054943435825407505 5
1747293045165 0.005384908989071846 6
1747293049174 0.01163044385612011 0
1747293051990 0.008963785134255886 1
1747293054546 0.007882553152740002 2
1747293057520 0.007273117080330849 3
1747293060326 0.006875874940305948 4
1747293063074 0.006450578570365906 5
1747293065900 0.00632499111816287 6
1747293068753 0.005982719361782074 7
1747293071790 0.006021878682076931 8
1747293074381 0.005938089918345213 9
1747293077010 0.005735020153224468 10
1747293079741 0.005746836774051189 11
1747293082405 0.005791311152279377 12
1747293085190 0.005711163394153118 13
1747293088033 0.0056849331595003605 14
1747293091098 0.005613372195512056 15
1747293094799 0.005625845864415169 16
1747293097587 0.005530291236937046 17
1747293102742 0.010347831062972546 0
1747293105869 0.008201382122933865 1
1747293108929 0.007148329168558121 2
1747293111978 0.006600485183298588 3
1747293115054 0.0062581016682088375 4
1747293118138 0.005982295144349337 5
1747293121192 0.005893942434340715 6
1747293124288 0.005872752517461777 7
1747293127375 0.005623094271868467 8
1747293130470 0.005637915804982185 9
1747293133532 0.005494795273989439 10
1747293136563 0.005606523714959621 11
1747293139635 0.005374351982027292 12
1747293142681 0.005500662140548229 13
1747293145742 0.005411794409155846 14
1747293148793 0.0052970098331570625 15
1747293151949 0.005366045515984297 16
1747293156723 0.009290527552366257 0
1747293160060 0.007004549726843834 1
1747293163385 0.00618683360517025 2
1747293166892 0.005844454281032085 3
1747293170248 0.005727509036660194 4
1747293173596 0.005618529859930277 5
1747293177010 0.005573831032961607 6
1747293180340 0.005389925558120012 7
1747293183635 0.005392228253185749 8
1747293186876 0.005451749078929424 9
1747293190088 0.005307905375957489 10
1747293193677 0.005297471769154072 11
1747293196959 0.005245468579232693 12
1747293200322 0.005356731358915567 13
1747293203539 0.005329417064785957 14
1747293206913 0.005269350949674845 15
1747293210775 0.005318314302712679 16
1747293214268 0.005283972714096308 17
1747293217876 0.005157805513590574 18
1747293221215 0.005238023120909929 19
1747293224514 0.00513423839583993 20
1747293227961 0.005130155943334103 21
1747293231519 0.005151683464646339 22
1747293234817 0.005114630796015263 23
1747293238125 0.0050108530558645725 24
1747293241455 0.005046464502811432 25
1747293244883 0.008678266778588295 0
1747293246811 0.006285065785050392 1
1747293248599 0.005714981816709042 2
1747293250520 0.005603799130767584 3
1747293252378 0.005464962683618069 4
1747293254262 0.005448662210255861 5
1747293256056 0.0053095039911568165 6
1747293257890 0.005416715517640114 7
1747293261356 0.009662709198892117 0
1747293263516 0.00827315729111433 1
1747293265569 0.007391766179352999 2
1747293267373 0.006933359429240227 3
1747293269193 0.006648441310971975 4
1747293271028 0.006247867364436388 5
1747293272822 0.006143635604530573 6
1747293274638 0.005834617186337709 7
1747293276437 0.005867131520062685 8
1747293278258 0.005723390728235245 9
1747293280028 0.005703381262719631 10
1747293281866 0.00558860506862402 11
1747293283642 0.00553815346211195 12
1747293285439 0.005541494581848383 13
1747293287236 0.005541355349123478 14
1747293289044 0.005592568777501583 15
1747293290905 0.005452917888760567 16
1747293292716 0.005368947982788086 17
1747293296419 0.010530228726565838 0
1747293298893 0.007929294370114803 1
1747293301412 0.006784073077142239 2
1747293303908 0.0062474338337779045 3
1747293306326 0.0060386862605810165 4
1747293308765 0.005866121035069227 5
1747293311205 0.00574025372043252 6
1747293313580 0.005719160195440054 7
1747293316005 0.005606156773865223 8
1747293318357 0.005464128218591213 9
1747293320942 0.005476032849401236 10
1747293323376 0.005536957178264856 11
1747293325859 0.005471289623528719 12
1747293328274 0.005374923348426819 13
1747293330758 0.0054111601784825325 14
1747293334012 0.010041944682598114 0
1747293335815 0.008340124972164631 1
1747293337719 0.00713363429531455 2
1747293339564 0.006486164405941963 3
1747293341436 0.006076502148061991 4
1747293343244 0.0057961102575063705 5
1747293345039 0.005721521098166704 6
1747293346897 0.0056120892986655235 7
1747293348717 0.005447922740131617 8
1747293350544 0.005507959518581629 9
1747293352357 0.005410565063357353 10
1747293355877 0.011158411391079426 0
1747293358246 0.006593487225472927 1
1747293360531 0.005938055459409952 2
1747293362748 0.005761377047747374 3
1747293365192 0.005715903360396624 4
1747293367427 0.005580919794738293 5
1747293369669 0.0058179497718811035 6
1747293372303 0.0054743168875575066 7
1747293374638 0.005399330053478479 8
1747293376881 0.005362293682992458 9
1747293379413 0.005414583254605532 10
1747293381600 0.005489550530910492 11
1747293384130 0.005403785966336727 12
1747293386688 0.005309946369379759 13
1747293388922 0.005287885200232267 14
1747293391235 0.0053636059165000916 15
1747293396119 0.018433330580592155 0
1747293399272 0.007868962362408638 1
1747293402010 0.006999318953603506 2
1747293404839 0.006708607077598572 3
1747293407399 0.006570141762495041 4
1747293410228 0.006667917128652334 5
1747293412770 0.0062982793897390366 6
1747293415311 0.006351270712912083 7
1747293417849 0.006164750549942255 8
1747293420522 0.006250753533095121 9
1747293423398 0.006254762411117554 10
1747293426070 0.006174025591462851 11
1747293428868 0.006156298331916332 12
1747293431740 0.006145065184682608 13
1747293434508 0.013506715185940266 0
1747293435795 0.006332938559353352 1
1747293437088 0.0061493259854614735 2
1747293438358 0.006109338253736496 3
1747293439649 0.005979594308882952 4
1747293440922 0.006038688588887453 5
1747293442222 0.005891929846256971 6
1747293443504 0.005661834962666035 7
1747293444801 0.0056873345747590065 8
1747293446094 0.005615557078272104 9
1747293447409 0.005671449471265078 10
1747293448741 0.005546129774302244 11
1747293451731 0.010899455286562443 0
1747293453373 0.007616421207785606 1
1747293454993 0.006866946816444397 2
1747293456566 0.0062444028444588184 3
1747293458225 0.006174552720040083 4
1747293459877 0.00583173893392086 5
1747293461476 0.005941552575677633 6
1747293463083 0.0057957652024924755 7
1747293464676 0.005920491646975279 8
1747293466214 0.005735260900110006 9
1747293467844 0.005714228376746178 10
1747293469454 0.005686449818313122 11
1747293471020 0.005521233193576336 12
1747293472640 0.005556744989007711 13
1747293474254 0.005520941689610481 14
1747293478898 0.0124455401673913 0
1747293481310 0.006890424992889166 1
1747293483722 0.0065385461784899235 2
1747293485967 0.006461677607148886 3
1747293488251 0.006261706817895174 4
1747293490457 0.006165092810988426 5
1747293492727 0.006075472570955753 6
1747293494973 0.005957674700766802 7
1747293498583 0.011754771694540977 0
1747293500827 0.007292202208191156 1
1747293503101 0.0066420575603842735 2
1747293505288 0.006219546310603619 3
1747293507506 0.006243327632546425 4
1747293509699 0.006024662870913744 5
1747293511905 0.006272809114307165 6
1747293514090 0.00595047464594245 7
1747293516268 0.005798130761831999 8
1747293518467 0.0058923400938510895 9
1747293520655 0.005656779278069735 10
1747293522867 0.005715318024158478 11
1747293526768 0.018623042851686478 0
1747293529314 0.0071068136021494865 1
1747293531770 0.006680516060441732 2
1747293534246 0.006518962327390909 3
1747293536715 0.006528564728796482 4
1747293539203 0.006564759649336338 5
1747293541673 0.006294459104537964 6
1747293544133 0.006129484158009291 7
1747293548439 0.019847281277179718 0
1747293551384 0.007143217604607344 1
1747293554293 0.006318526808172464 2
1747293557311 0.006160934455692768 3
1747293560140 0.006157027091830969 4
1747293563107 0.005812295246869326 5
1747293565988 0.005899494513869286 6
1747293568902 0.005833489820361137 7
1747293571771 0.005881507880985737 8
1747293574636 0.005785880610346794 9
1747293577504 0.005935223773121834 10
1747293580349 0.005753078497946262 11
1747293583212 0.005945262033492327 12
1747293585915 0.010535160079598427 0
1747293587193 0.007541544269770384 1
1747293588478 0.0064854249358177185 2
1747293589770 0.006182315293699503 3
1747293591099 0.00597033929079771 4
1747293592399 0.005780635867267847 5
1747293593671 0.005907846614718437 6
1747293594945 0.005757747683674097 7
1747293596215 0.0054777092300355434 8
1747293597499 0.005680486094206572 9
1747293598787 0.005624428391456604 10
1747293600060 0.005423883441835642 11
1747293601432 0.005505142733454704 12
1747293602711 0.005441286135464907 13
1747293603979 0.005616372916847467 14
1747293605264 0.005492193158715963 15
1747293606537 0.005406623240560293 16
1747293607852 0.005376929417252541 17
1747293609141 0.005373680964112282 18
1747293613498 0.008977009914815426 0
1747293616467 0.006568950600922108 1
1747293619470 0.006041114218533039 2
1747293622468 0.005790120922029018 3
1747293625537 0.005759985651820898 4
1747293628578 0.005720102693885565 5
1747293631610 0.005579235963523388 6
1747293634627 0.005429454613476992 7
1747293637711 0.005607668776065111 8
1747293640703 0.005467996001243591 9
1747293643778 0.005502276588231325 10
1747293647302 0.005486864596605301 11
1747293650457 0.005523505620658398 12
1747293653474 0.005384374409914017 13
1747293657986 0.00848994217813015 0
1747293661072 0.006016157101839781 1
1747293664144 0.005774885881692171 2
1747293667367 0.005686338059604168 3
1747293670535 0.005517852958291769 4
1747293673581 0.0054968856275081635 5
1747293676511 0.0054479981772601604 6
1747293679477 0.005390295293182135 7
1747293682424 0.005424661096185446 8
1747293685564 0.0053225974552333355 9
1747293687749 0.01187293790280819 0
1747293688393 0.00939951278269291 1
1747293689037 0.008777745999395847 2
1747293689686 0.008161313831806183 3
1747293690331 0.007692554499953985 4
1747293690975 0.007137828040868044 5
1747293691612 0.007001821883022785 6
1747293692252 0.006789552513509989 7
1747293692934 0.006520541850477457 8
1747293693627 0.006310279946774244 9
1747293694283 0.00629205210134387 10
1747293694947 0.0061378381215035915 11
1747293695611 0.006184831261634827 12
1747293696264 0.006025906186550856 13
1747293696909 0.005910235922783613 14
1747293697625 0.00600958988070488 15
1747293698292 0.00574730709195137 16
1747293698952 0.005742698907852173 17
1747293699700 0.00564941018819809 18
1747293700406 0.005798563826829195 19
1747293701052 0.005600390024483204 20
1747293701694 0.005599137861281633 21
1747293702336 0.0056977844797074795 22
1747293705005 0.011701295152306557 0
1747293706309 0.010103359818458557 1
1747293707683 0.009642812423408031 2
1747293709069 0.009265303611755371 3
1747293710421 0.009055711328983307 4
1747293711787 0.008853026665747166 5
1747293713107 0.00841892883181572 6
1747293714464 0.008184335194528103 7
1747293715809 0.008058205246925354 8
1747293717130 0.007795514538884163 9
1747293718531 0.007584087084978819 10
1747293719848 0.007489577401429415 11
1747293721256 0.007384197320789099 12
1747293722629 0.007246457040309906 13
1747293724082 0.007168484851717949 14
1747293725545 0.007020348682999611 15
1747293726931 0.0068428292870521545 16
1747293728241 0.006695267744362354 17
1747293729570 0.0066390628926455975 18
1747293730878 0.006656924728304148 19
1747293732171 0.006622932385653257 20
1747293733470 0.006565835792571306 21
1747293734780 0.006406268570572138 22
1747293750598 0.008954362012445927 0
1747293752638 0.0061502158641815186 1
1747293754861 0.0057580131106078625 2
1747293756779 0.005653648637235165 3
1747293758735 0.0055007245391607285 4
1747293760657 0.00542058702558279 5
1747293762615 0.005312526598572731 6
1747293764622 0.005353088025003672 7
